6.030151e+00 1.449861e-08 1.269692e-07 6.052373e+01
6.090755e+00 1.694153e-08 -1.589576e-07 6.113201e+01
6.151969e+00 2.071835e-08 2.395880e-07 6.174640e+01
6.213798e+00 1.984665e-08 3.973622e-07 6.236697e+01
6.276248e+00 2.026289e-08 2.675832e-07 6.299377e+01
6.339326e+00 2.035092e-08 8.240681e-07 6.362688e+01
6.403038e+00 2.137745e-08 2.404397e-07 6.426634e+01
6.467390e+00 2.200188e-08 -5.553964e-08 6.491223e+01
6.532389e+00 2.323760e-08 -4.903495e-07 6.556462e+01
6.598041e+00 2.438901e-08 5.194095e-08 6.622356e+01
6.664353e+00 2.552175e-08 1.187289e-07 6.688912e+01
6.731331e+00 2.625860e-08 -3.229987e-08 6.756138e+01
6.798983e+00 2.791485e-08 2.906043e-07 6.824038e+01
6.867314e+00 3.075909e-08 1.140851e-07 6.892622e+01
6.936333e+00 3.340937e-08 -4.963204e-07 6.961894e+01
7.006044e+00 3.669523e-08 2.960877e-07 7.031863e+01
7.076457e+00 3.901932e-08 9.181128e-08 7.102535e+01
7.147577e+00 5.113213e-08 -1.885899e-07 7.173917e+01
7.219412e+00 6.356427e-08 -3.583115e-07 7.246017e+01
7.291969e+00 9.514893e-08 -1.118926e-07 7.318841e+01
7.365255e+00 1.069260e-07 -9.666354e-08 7.392398e+01
7.439278e+00 1.475457e-07 -9.164937e-08 7.466693e+01
7.514044e+00 1.631237e-07 -9.780821e-08 7.541735e+01
7.589562e+00 1.680604e-07 -2.224129e-07 7.617531e+01
7.665839e+00 1.500367e-07 1.825133e-07 7.694090e+01
7.742883e+00 1.538809e-07 2.650007e-07 7.771417e+01
7.820701e+00 1.656994e-07 -9.643207e-08 7.849522e+01
7.899301e+00 1.652105e-07 5.936936e-08 7.928411e+01
7.978691e+00 1.531963e-07 -1.087096e-07 8.008094e+01
8.058879e+00 1.258174e-07 -1.982236e-07 8.088577e+01
8.139872e+00 1.152086e-07 1.552937e-07 8.169870e+01
8.221680e+00 9.961253e-08 2.190537e-07 8.251979e+01
8.304310e+00 1.040536e-07 2.100690e-07 8.334913e+01
8.387771e+00 8.426405e-08 3.093280e-07 8.418681e+01
8.472070e+00 8.546601e-08 -2.990030e-08 8.503291e+01
8.557216e+00 8.128981e-08 -2.197467e-07 8.588751e+01
8.643218e+00 8.093571e-08 7.473346e-08 8.675070e+01
8.730085e+00 8.195024e-08 2.489571e-07 8.762257e+01
8.817824e+00 8.413034e-08 -1.173853e-07 8.850320e+01
8.906446e+00 9.057956e-08 2.647751e-07 8.939268e+01
8.995958e+00 9.243825e-08 -1.565662e-07 9.029110e+01
9.086369e+00 9.823021e-08 2.476162e-07 9.119855e+01
9.177690e+00 1.043215e-07 2.652788e-07 9.211511e+01
9.269928e+00 1.095782e-07 -7.141948e-09 9.304089e+01
9.363093e+00 1.137514e-07 -1.013004e-07 9.397598e+01
9.457194e+00 1.158260e-07 -9.297962e-08 9.492046e+01
9.552242e+00 1.233303e-07 -5.244350e-08 9.587444e+01
9.648244e+00 1.261255e-07 1.850749e-07 9.683800e+01
9.745211e+00 1.256345e-07 1.132256e-07 9.781124e+01
9.843153e+00 1.285892e-07 7.664493e-08 9.879427e+01
9.942079e+00 1.335115e-07 1.354197e-07 9.978718e+01
1.004200e+01 1.343067e-07 1.958557e-07 1.007901e+02
1.014292e+01 1.872278e-07 2.224474e-08 1.018030e+02
1.024486e+01 1.736770e-07 -1.000128e-07 1.028262e+02
1.034783e+01 2.060488e-07 -2.836680e-08 1.038596e+02
1.045182e+01 1.868181e-07 3.843684e-07 1.049034e+02
1.055687e+01 1.750220e-07 2.014652e-07 1.059577e+02
1.066297e+01 1.910460e-07 -2.030660e-07 1.070226e+02
1.077013e+01 2.306545e-07 -8.987009e-08 1.080982e+02
1.087838e+01 1.884420e-07 1.027704e-07 1.091846e+02
1.098771e+01 1.856113e-07 -5.565923e-08 1.102820e+02
1.109814e+01 1.777766e-07 4.358519e-08 1.113903e+02
1.120967e+01 1.937830e-07 3.679083e-07 1.125098e+02
1.132233e+01 1.861500e-07 -8.792680e-08 1.136406e+02
1.143613e+01 1.910344e-07 -1.710060e-07 1.147827e+02
1.155106e+01 2.000583e-07 -5.881457e-08 1.159363e+02
1.166715e+01 2.056030e-07 -4.082265e-07 1.171015e+02
1.178441e+01 2.155090e-07 8.105859e-08 1.182784e+02
1.190285e+01 2.048252e-07 -5.025475e-08 1.194671e+02
1.202247e+01 2.341969e-07 6.880333e-08 1.206678e+02
1.214330e+01 2.112456e-07 2.439558e-07 1.218805e+02
1.226535e+01 2.325930e-07 1.936035e-07 1.231055e+02
1.238862e+01 2.360513e-07 -3.365983e-07 1.243427e+02
1.251313e+01 2.319882e-07 -1.626468e-07 1.255924e+02
1.263889e+01 2.376269e-07 1.149622e-08 1.268546e+02
1.276591e+01 2.393976e-07 1.016602e-07 1.281295e+02
1.289421e+01 2.440541e-07 5.295531e-09 1.294173e+02
1.302380e+01 2.466152e-07 4.796112e-08 1.307180e+02
1.315469e+01 2.481834e-07 1.020727e-07 1.320317e+02
1.328690e+01 2.544403e-07 -2.763692e-07 1.333587e+02
1.342044e+01 2.583346e-07 -4.278571e-08 1.346989e+02
1.355532e+01 2.648504e-07 -4.112845e-08 1.360527e+02
1.369155e+01 2.757793e-07 -2.187466e-07 1.374201e+02
1.382915e+01 2.812622e-07 -3.979569e-07 1.388012e+02
1.396814e+01 3.029756e-07 -2.112333e-08 1.401962e+02
1.410852e+01 2.856367e-07 -4.835520e-08 1.416052e+02
1.425032e+01 3.103589e-07 -1.061845e-08 1.430283e+02
1.439354e+01 3.149619e-07 5.805257e-08 1.444658e+02
1.453820e+01 3.102860e-07 -2.759728e-07 1.459177e+02
1.468431e+01 3.269265e-07 6.184691e-08 1.473842e+02
1.483189e+01 3.418765e-07 -1.120798e-07 1.488655e+02
1.498095e+01 3.528075e-07 1.122753e-09 1.503616e+02
1.513152e+01 3.603416e-07 4.776727e-08 1.518728e+02
1.528359e+01 3.571163e-07 2.579886e-07 1.533991e+02
1.543719e+01 3.388088e-07 -2.638201e-07 1.549408e+02
1.559234e+01 3.300481e-07 -1.695910e-07 1.564980e+02
1.574905e+01 3.180373e-07 -4.449180e-08 1.580709e+02
1.590733e+01 3.224135e-07 8.841803e-09 1.596595e+02
1.599343e+01 3.190386e-07 1.209989e-06 1.605237e+02
